5cecd3b3946aac5c713a51e0bd4617c9_jpg.rf.03286d3792ba33d52a3654e14735c974.jpg 302,81,336,167,1 292,10,316,61,5 320,194,350,249,5 251,241,279,306,0 236,110,260,169,0 203,139,230,214,4 204,87,223,133,3 297,301,321,351,3 274,119,295,166,3 240,202,264,249,3 213,254,237,302,3 192,51,215,94,3 236,35,262,97,0 135,195,164,253,0 130,24,157,99,10 70,11,94,61,11 83,298,115,360,8 133,108,158,163,8 137,150,159,205,6 66,34,90,92,6 52,127,87,213,7 163,14,181,60,9 163,80,184,126,9 103,48,124,93,9 98,118,119,164,9 97,159,119,206,9 92,253,116,302,9
66f3c2c7c10a9263de9c6e056ba5c1b9_jpg.rf.18efa20b29dfe94acf3cb63ccc92a4b3.jpg 243,172,277,256,1 333,296,367,355,5 234,93,259,174,4 271,83,291,127,3 202,118,223,165,3 129,128,161,213,7 101,15,124,60,9 167,118,189,164,9 91,254,120,303,9
49d365236ee4fb6bd982b0f00bff007e_jpg.rf.16bc32d2b40baeabec00c02b2f9d0e84.jpg 306,84,336,164,1 279,138,307,212,4 336,298,368,353,5 293,11,317,60,5 136,195,162,255,0 260,4,282,62,0 240,113,264,172,2 255,247,282,303,2 236,203,261,251,3 295,303,320,350,3 275,122,293,166,3 231,52,249,96,3 201,16,221,60,3 205,87,224,133,3 138,166,157,210,3 216,253,236,301,3 71,13,92,62,11 130,294,157,354,11 100,57,128,127,10 52,129,82,209,7 66,35,89,92,6 45,247,74,305,6 52,200,83,255,8 134,110,158,164,8 164,79,184,125,9 161,14,181,57,9 104,49,124,90,9 99,119,119,164,9 91,254,114,302,9 97,158,119,205,9 170,209,189,256,9 173,305,197,354,9
0f4512d71c096f2699d705792e88fc58_jpg.rf.0971fe35ffe3ebbcc3e2a709de978aec.jpg 306,90,340,174,1 293,43,321,101,11 86,124,127,209,7 94,117,119,164,9 133,209,161,258,9 64,31,93,88,5 134,160,157,207,3 234,118,258,169,3 213,247,238,304,3
d0cc2420bce5b14dfd39e55dc3737e57_jpg.rf.0f1c927870242d0e614bd6e320f9969e.jpg 74,10,97,59,2
4d7820ad9fb4fe69d5168e1d7317dd02_jpg.rf.1279c1ccceab06443a62004f2800d891.jpg 303,83,335,167,1 236,111,259,171,2 169,291,197,358,2 225,6,249,60,5 205,152,230,209,5 296,299,322,351,3 273,119,295,165,3 242,200,263,249,3 213,252,238,300,3 203,88,226,131,3 194,49,215,94,3 238,35,259,97,0 133,193,162,255,0 132,24,156,98,10 84,294,114,362,8 133,107,158,163,8 137,150,160,208,6 63,33,91,92,6 70,13,94,64,11 52,127,85,211,7 160,13,181,58,9 104,48,125,91,9 98,119,119,162,9 97,158,119,204,9 92,253,116,301,9
614811e933a680fd6535ac8bf06bf530_jpg.rf.0b9ea19fb73269b21cf021c584b84aeb.jpg 174,153,196,210,0
36066ba85572ce99198f1a21c2c8bbff_jpg.rf.1bb4689be2417ff995fbd5e22876c353.jpg 298,38,318,93,0 207,109,227,163,0 284,137,305,206,4 306,85,336,163,2 339,297,369,355,5 291,10,313,59,5 325,199,354,255,2 275,121,293,164,3 240,115,264,172,2 264,18,281,59,3 231,53,249,95,3 205,88,223,131,3 210,165,231,208,3 299,302,320,349,3 240,205,260,249,3 215,254,237,300,3 134,109,158,164,8 131,295,158,352,11 72,14,93,62,11 66,33,89,92,6 46,246,73,305,6 53,129,83,211,7 165,81,183,124,9 100,57,128,127,10 163,16,181,57,9 105,48,122,88,9 98,120,118,162,9 98,159,119,205,9 94,257,113,299,9 170,207,189,255,9 176,306,199,351,9
389b4c47568c78c44df11dbb1377ffea_jpg.rf.1d6174519a8e98c853c57584e8cba891.jpg 173,73,193,129,0
254f92b18b2a81f88b85e7aed3cabc61_jpg.rf.09fc82bf7878065eb6cad223e60f7f0b.jpg 338,300,372,353,8
b0f3d66c8be13f5f6aa25b67a06bdcfa_jpg.rf.01b3f3243bf31cb2ea18a89fd58044be.jpg 339,281,370,337,5 291,208,325,292,1 244,88,270,157,4 281,73,300,116,3 287,147,309,190,3 255,188,277,232,3 212,102,233,145,3 179,132,203,188,2 177,219,202,278,6 144,81,171,154,10 104,108,134,189,7 142,171,168,230,8 180,102,199,144,9 118,63,138,106,9 104,227,127,274,9 118,0,138,41,9 84,0,108,40,11 259,270,288,331,11
3914be0cea4aa8a6bbd1081ec3b034a7_jpg.rf.1a22ac976f9598278bbbf963909a32ef.jpg 240,76,262,130,2
4de23afff63bc169b4ebe547a9c9b692_jpg.rf.0cf789652d85886de3d00b05bef061eb.jpg 280,227,310,284,0 311,110,345,195,1 237,85,262,159,4 331,277,366,333,5 235,3,255,51,5 267,38,286,82,3 271,72,291,116,3 280,145,303,190,3 283,188,305,233,3 254,284,278,333,3 206,5,225,50,3 207,103,226,147,3 235,27,256,84,2 172,134,196,195,2 138,87,165,158,10 91,280,119,335,11 73,0,98,46,11 56,111,87,191,7 52,174,79,231,6 141,53,163,106,8 52,221,83,281,8 172,103,192,147,9 109,3,129,46,9 110,69,130,112,9 101,148,126,192,9 98,192,121,235,9 97,233,121,279,9 176,282,199,332,9
699edbacbfee5e6d4d6d2189bc88990a_jpg.rf.21253a833a9f17c4391a96e64b279fd9.jpg 175,196,198,255,2
9c153a9c9798dab948d4260eb109b315_jpg.rf.04a431391f78af71e5ebaf9d51d91faf.jpg 311,115,337,169,8
1595777dfa66e954ae23655743e24809_jpg.rf.1ce3ed024877808c7e9f12f1f83fefae.jpg 270,87,306,172,1 291,22,324,94,10 172,150,197,212,6 167,113,196,170,11 101,2,125,56,5 52,83,87,171,7 103,45,127,91,9 136,209,161,257,9 96,115,119,165,9 133,159,156,207,3 234,119,258,167,3 215,252,237,301,3
f3a5df526393445c6e2d38f66c1f5c27_jpg.rf.09aeba93cdea53cc6a6db62f6056ec35.jpg 48,297,74,359,2
dd6b5c3cb2d7e77f38f1dfeb2bff0431_jpg.rf.065f8833508d101a1f1449e8fbabc314.jpg 312,90,339,156,4 314,115,345,190,1 303,61,322,114,0 322,178,348,233,0 298,30,320,81,2 328,228,359,281,2 299,5,319,51,5 335,279,364,333,5 266,7,283,47,3 268,41,285,80,3 273,75,290,114,3 276,108,294,149,3 281,147,300,187,3 286,190,306,232,3 290,235,312,278,3 296,281,318,328,3 66,82,91,151,10 59,112,86,192,7 71,56,91,112,6 55,175,79,230,6 76,26,99,79,8 56,222,83,280,8 78,0,97,43,11 46,282,74,338,11 111,5,128,44,9 110,39,127,77,9 109,73,125,113,9 106,108,124,148,9 107,149,125,190,9 101,192,121,235,9 100,235,121,278,9 94,285,117,329,9
e79deba8fe520409790b601ad61da4ee_jpg.rf.016bc04dee292f80d1f975931f32bc21.jpg 208,88,226,128,3
889c420fb266b8d0e817306110042bda_jpg.rf.187d72f3d58f732ea576641f5c702f61.jpg 170,79,195,132,11 131,129,162,213,7 167,119,189,165,9 136,52,158,97,9 101,15,123,59,9 94,256,118,304,9 257,268,291,354,1 335,297,368,355,5 234,97,260,173,4 273,84,291,128,3 204,118,223,162,3 248,204,270,251,3
104ec0199cb67e1a359b1b0845ee66f3_jpg.rf.2148e2af0737be8e162d7d867805a8ac.jpg 174,112,194,167,0
6179b463c8f503445e213b706d2a4de5_jpg.rf.22c6e0d7cc69bbceddc0ed8a8b0e0bc5.jpg 175,203,198,254,11
4d6b667ecbd41ebd603b38848366d9d0_jpg.rf.29238774d80d0be8def25571c503714f.jpg 293,10,316,61,5 337,297,368,354,5 306,84,336,165,1 281,136,309,205,4 276,121,293,165,3 298,303,321,348,3 325,201,355,254,2 241,113,264,171,2 261,6,282,62,0 202,110,227,168,0 202,17,220,58,3 231,52,249,94,3 205,89,224,132,3 213,163,231,207,3 240,204,259,250,3 215,253,237,301,3 134,109,158,165,8 51,199,83,254,8 54,130,83,210,7 46,248,73,306,6 66,35,90,91,6 72,13,93,64,11 130,295,158,353,11 91,255,113,301,9 97,161,119,203,9 99,121,119,163,9 99,58,129,127,10 106,49,123,88,9 163,16,181,58,9 164,81,183,123,9 168,210,190,255,9 174,304,198,352,9
fa4e2b9a8cf58f405f69a56c662834f2_jpg.rf.2ac2e858d136ce51bcecdc1129187214.jpg 214,208,234,253,3
d29148a2233950a7777285281cbfccff_jpg.rf.2e63366f947507e0735a25d532caaa54.jpg 64,79,92,150,10 56,112,85,191,7 140,54,164,111,8 55,220,83,279,8 93,280,119,335,11 75,0,98,45,11 53,174,79,231,6 141,0,161,44,6 173,104,190,143,9 171,39,187,79,9 110,5,128,45,9 108,72,126,113,9 103,150,125,191,9 101,191,120,235,9 100,233,120,278,9 175,283,197,328,9 236,27,255,82,2 171,135,196,193,2 314,90,341,151,4 313,114,344,191,1 235,2,254,50,5 335,279,365,333,5 304,60,322,115,0 283,226,307,284,0 283,192,305,232,3 279,146,300,190,3 246,236,268,279,3 256,287,278,331,3 271,76,290,115,3 268,41,284,82,3 208,8,224,48,3 207,104,224,147,3
e6e3a2ff2c75970490079f00136885ad_jpg.rf.2733f54e2f320fbc9c5e0058c731d765.jpg 213,233,240,305,10
37fe05bcf7d8568a9e55b569afdbccbd_jpg.rf.369f4b4dbd105056aa23957cd4be1687.jpg 173,79,195,131,2
1a530d578f3f0bf3497bfeff3d953025_jpg.rf.2a30081d7234f714736032af1dcb4193.jpg 51,126,83,211,7 70,11,94,64,11 65,32,90,93,6 44,247,75,307,6 55,198,81,256,8 134,109,156,164,8 129,25,156,98,10 162,13,182,58,9 163,81,183,125,9 104,47,124,92,9 98,119,119,164,9 97,160,121,206,9 89,253,116,301,9 203,136,229,214,4 136,195,162,257,0 235,110,260,170,2 251,238,278,306,2 305,82,337,164,1 259,7,282,64,0 293,10,316,62,5 321,195,350,255,5 296,303,321,350,3 274,122,295,166,3 230,50,250,97,3 204,87,223,131,3 242,199,263,247,3 214,253,236,303,3
9a6b61a6d3b3e3ecddc201b097aa02d1_jpg.rf.3903667901a40aedda2c42c43502d96b.jpg 172,7,190,61,0
ddad9dc4d945006d66f5349d64498559_jpg.rf.3d6e55223a3ce985572a9e46d7c6a9f8.jpg 174,123,192,166,9
675619f2c8078824cfd182cec2eeba95_jpg.rf.2a121620701a980a77942a4d8e8a813c.jpg 206,39,227,94,8
ea799d77875c399618c45cd9409f34ee_jpg.rf.316738a20243cf9a9a408b56ccaa5616.jpg 173,86,191,128,9
a8847f8fe8eaaa1c97bf83027a901760_jpg.rf.26afc5ee5c983fe73c8e113e99127fa9.jpg 174,236,203,303,8 52,84,85,169,7 131,24,156,98,10 168,150,196,210,6 164,40,189,92,11 172,114,195,158,9 101,47,127,95,9 97,118,119,164,9 136,208,158,261,9 99,4,125,58,5 87,235,119,302,2 201,67,222,128,0 303,83,337,167,1 275,118,295,165,3 215,250,236,302,3 242,200,264,249,3
26d663ab5ffbec49f9dc8e592982cfd4_jpg.rf.238eb82b4d50cc47759fa7ce82c43b97.jpg 68,10,97,63,11 68,10,97,63,11 50,122,87,215,7 130,23,158,99,10 64,32,89,94,6 135,147,163,209,6 79,292,114,362,8 103,44,123,95,9 96,118,119,164,9 95,157,119,207,9 136,210,161,260,9 303,82,338,171,1 167,292,199,359,2 239,37,260,95,0 170,73,196,131,2 226,8,249,61,5 197,40,221,95,5 164,53,184,98,3 296,300,323,350,3 274,121,295,166,3 241,201,263,249,3 214,252,238,301,3
5758322233deed7ae7adc23536db2a4f_jpg.rf.2ac5b8df5fb0e541557f79cbdd79f51a.jpg 175,153,197,208,2
0301b7f9ed4d5ba503fda79fc4370c29_jpg.rf.3ecfd27607406c9f46c1525efd39e17b.jpg 175,209,194,252,9
292b0ddcacad7de06a628980954b6993_jpg.rf.3e5a330ebaead704099fbdbcee34d96f.jpg 312,90,341,158,4 313,114,343,193,1 335,279,365,331,0 299,4,319,50,0 303,61,322,115,0 283,228,307,282,0 266,7,283,45,3 269,41,286,80,3 273,74,291,115,3 282,145,301,189,3 284,191,305,232,3 258,286,279,330,3 247,234,268,278,3 206,103,225,144,3 236,26,255,82,2 174,135,196,191,2 55,177,79,232,6 59,111,87,192,7 66,80,92,151,10 70,57,91,112,6 143,54,162,109,8 55,222,84,279,8 177,286,198,331,9 97,235,121,278,9 97,193,121,236,9 102,149,126,191,9 105,109,125,149,9 170,38,187,79,9 108,72,127,113,9 110,3,128,45,9 77,0,97,43,11 94,282,119,337,11
e8480d7fb9881d8a0e88b7be4d103f6d_jpg.rf.2bc6fa7acb94ff9b2993d2de0c7def9e.jpg 295,11,320,62,8
f9a9a175f26d4b26bca3a5338cc1405e_jpg.rf.378f0d92128b1608bc48d47324f380b4.jpg 303,82,337,166,1 236,36,259,95,0 226,11,251,60,5 201,76,228,127,5 171,76,195,131,2 164,54,186,97,3 275,119,296,164,3 242,201,263,249,3 296,301,321,350,3 213,251,238,303,3 169,290,200,359,2 49,127,84,213,7 68,7,95,62,11 81,294,115,362,8 128,24,156,100,10 65,33,89,92,6 135,147,160,208,6 199,44,221,89,9 102,46,125,93,9 96,117,118,162,9 94,158,119,205,9 136,208,161,258,9
cae099fe41d6aa30033d71e433c33c8d_jpg.rf.124529e05c30bf412475f20b8f274f95.jpg 130,85,157,169,7 100,150,125,208,6 94,254,117,303,9 200,52,221,102,5 205,172,235,255,1
8678864272a0a04c4c65ca96324105b4_jpg.rf.23c0e1b2c040efd89095760e27f28eaa.jpg 207,54,224,93,3
04aed88a8d23cf27e47806eb23948495_jpg.rf.4021af803b1b21022221cd3654117580.jpg 199,51,222,102,5 203,120,222,165,3 205,173,236,257,1 131,88,156,170,7 99,150,126,209,6 169,118,189,164,9 95,254,117,303,9
a4028b2361ce7ead654a86b07ac39d52_jpg.rf.4300592f959cf20135ac198003615490.jpg 253,292,283,349,5 337,295,368,354,5 281,223,319,308,1 234,98,260,171,4 272,82,292,130,3 248,204,271,254,3 202,118,222,163,3 96,195,126,255,2 93,130,123,213,7 94,256,118,302,9 60,80,87,129,11 102,15,123,58,9 137,52,158,97,9 169,120,190,166,9
c7890b749d14d3488066cbdfac4620fd_jpg.rf.3850673b2781e44e1a293fe12a9cde12.jpg 240,75,262,129,2
055b79dd8db4c43e1a23be6095aaf624_jpg.rf.3eddea89d44864ecd7971d2827ee88df.jpg 176,305,203,360,2
0d9dbf62d5ee42b92bf55197bba4254d_jpg.rf.3dfbde3b99d83e88daa3b69514daa68d.jpg 44,306,76,361,8
4bf38c062fa7b5796d15ba90d6c3a456_jpg.rf.47d09ca58c3f5cb00e286ed52ab6f29a.jpg 173,45,193,93,11
fa3cf2724c1648a8822b59ac0759475f_jpg.rf.3ad41d095557e6bfb446af5de5553e75.jpg 204,18,227,97,7
c46bf04050a2a9323dfe563e8813602f_jpg.rf.4da1d855a20ec2d0deff03a46d8363c9.jpg 208,133,234,212,7
6454bd04e2829d4ff83602f0f2d7154e_jpg.rf.46c9bd543815a1c9758df61f2569524e.jpg 306,88,340,171,1 294,42,320,96,11 52,125,86,212,7 135,210,161,258,9 96,117,119,163,9 133,157,156,207,3 213,249,238,301,3 235,118,256,166,3
969daa72bd7804ea1212e191820249b0_jpg.rf.42fdf983653232bcccbca70f94cbfac4.jpg 306,89,340,170,1 101,4,124,54,5 53,84,86,170,7 172,115,193,167,11 171,150,197,209,6 136,210,160,256,9 103,47,124,93,9 97,117,119,164,9 134,161,156,206,3 236,120,255,165,3 215,252,237,301,3
614aadadb4a7f5b475b027b8e11398ee_jpg.rf.46607639a62cb9241830db1088e145a1.jpg 64,34,91,92,6 138,149,159,204,6 83,294,113,359,8 134,107,159,163,8 131,24,157,97,10 51,128,84,211,7 70,11,95,64,11 162,12,182,57,9 92,254,115,301,9 96,160,121,204,9 97,118,119,164,9 104,45,125,92,9 238,36,259,97,0 137,195,160,254,0 170,292,197,356,2 236,110,260,169,2 303,81,337,163,1 227,8,248,59,5 314,155,343,208,5 296,302,321,350,3 275,119,295,165,3 195,51,213,93,3 205,88,223,132,3 242,200,264,248,3 215,254,236,301,3
3796db002cba7265bd32b0161ddd9127_jpg.rf.4f039ba64a8a26531c2b2861e04cfe7a.jpg 295,14,317,63,2
c76c79e40bd9839a05237934cfa89ca3_jpg.rf.498d8fcd0acd71952f9d92708b360fac.jpg 207,64,229,131,10
ef1d425fd5370fbf8b7adea43b755304_jpg.rf.509cd10372ad2fe7def2c49881348306.jpg 333,276,366,334,5 320,160,354,245,1 208,5,227,50,3 169,135,197,193,2 95,112,127,197,7 136,82,164,160,10 235,85,263,158,4 266,37,286,82,3 270,70,291,116,3 280,147,301,191,3 247,186,272,235,3 203,100,225,148,3 197,24,224,86,8 52,218,83,282,8 89,280,124,341,11 73,0,98,46,11 168,218,196,280,6 170,104,193,146,9 108,3,129,43,9 107,66,129,114,9 96,232,122,280,9 175,283,199,331,9
61567b97353acc18ba9e8aac0f111326_jpg.rf.5764028ed4ece48b7894801e884e111e.jpg 99,58,129,126,10 305,85,336,164,1 260,4,282,61,0 293,11,316,60,5 274,122,295,164,3 336,298,369,354,5 296,304,321,350,3 256,248,284,303,2 242,115,264,170,2 203,138,229,211,4 213,255,237,301,3 239,204,259,250,3 231,52,249,93,3 204,16,219,59,3 204,88,223,130,3 139,165,159,210,3 138,195,161,253,0 53,129,82,209,7 71,11,93,61,11 134,110,158,164,8 52,199,81,255,8 66,34,88,92,6 45,247,73,304,6 105,49,123,88,9 97,119,118,161,9 90,254,114,302,9 97,160,118,204,9 163,15,181,57,9 164,80,183,124,9 170,210,189,254,9
47e842dd95735a11cf92c0ddf1161193_jpg.rf.563bd525e9210a59e275a565317b890f.jpg 72,8,96,58,2
81f5c542ffe0f9eae4df59d29acbcced_jpg.rf.561b8c31b527d84832e277765b20dc4d.jpg 80,295,117,362,8 169,146,196,211,6 132,23,157,100,10 52,79,85,172,7 68,10,94,64,11 103,49,125,94,9 94,118,118,163,9 95,158,121,205,9 134,206,161,257,9 301,79,338,168,1 227,10,249,63,5 133,114,159,171,5 130,150,159,213,2 88,233,116,300,2 199,66,224,131,0 162,53,184,98,3 274,120,295,164,3 241,199,265,249,3 214,253,239,302,3
76dbe2ccf986a2a0d399d3d8a47279ad_jpg.rf.582fa23c9cb60c607ce4039d59257eac.jpg 334,276,365,333,5 317,164,354,245,1 236,85,262,158,4 168,136,196,193,2 280,146,301,191,3 272,72,291,116,3 248,186,269,234,3 206,104,224,150,3 142,3,160,49,3 139,85,163,158,10 96,112,128,195,7 137,173,160,236,8 170,219,197,282,6 200,26,223,85,8 252,269,283,331,11 75,0,98,46,11 170,105,191,148,9 108,4,128,44,9 109,68,130,111,9 97,231,122,279,9
eb9e7928e756c3cf9164e7afc08c4653_jpg.rf.48f982d13896a1d8c0c7a566cdde2129.jpg 303,80,337,165,1 225,6,250,60,5 199,65,223,127,0 165,49,185,98,3 273,119,295,166,3 240,201,264,249,3 212,251,237,302,3 167,240,194,304,2 84,233,115,298,2 131,25,156,98,10 68,10,95,66,11 55,85,85,170,7 81,294,114,361,8 170,149,195,211,6 133,112,156,162,9 103,46,123,93,9 98,116,118,164,9 136,208,159,258,9
f3302c754c6fd42130014199ee327d10_jpg.rf.56672ccf94cd354a96888ca0e8a8e4e0.jpg 75,6,95,61,2
ce54969567273b9b8a275812ff56e16c_jpg.rf.59df2edfb1d3ece93a0939c27e2ed384.jpg 235,83,266,158,4 170,136,200,195,2 169,218,198,281,6 137,84,165,157,10 54,213,85,281,8 95,112,128,194,7 73,0,99,47,11 89,279,123,338,11 95,232,121,277,9 107,68,131,112,9 107,2,131,46,9 173,105,192,147,9 174,282,200,331,9 205,6,227,49,3 271,73,294,119,3 265,38,287,81,3 204,103,227,147,3 247,186,271,235,3 280,145,302,192,3 312,110,346,196,1 332,276,366,335,5
23988893ef7381fece6d1ef32ef5428f_jpg.rf.5065b0683d241ad92afc074eed391b53.jpg 298,10,318,63,2
9d776e74e90c4f8092b060dd7567e2f8_jpg.rf.5d6deb8a1e7a40c616186a7b90f48c2b.jpg 290,208,325,290,1 342,279,370,337,5 259,271,286,329,11 210,25,231,83,8 242,84,271,158,4 280,73,299,116,3 287,147,310,190,3 256,187,277,232,3 213,101,233,147,3 178,134,204,190,2 179,102,200,144,9 144,83,173,154,10 104,107,134,189,7 84,0,109,41,11 118,0,137,39,9 117,63,138,107,9 102,227,126,274,9
b3b002461f1c6b432e22964549767e5f_jpg.rf.46f0298de88abcc93f279274d84d6b6b.jpg 199,50,221,103,5 233,97,258,171,4 206,171,233,255,1 203,120,223,162,3 128,87,156,169,7 99,151,125,210,6 169,119,189,163,9 94,255,119,304,9
bb54af2f0b83b174aecc29328c8fa001_jpg.rf.3224d475bfa4e44af5b808c58d411c4d.jpg 140,76,161,127,8
673bcd0d44f495fbe9dd88d5cacfceb3_jpg.rf.4f36394a6dc154067ad4da04cf503df8.jpg 203,0,223,62,10
fb586797e8ad818c7e3e3a6411f73d84_jpg.rf.52352f51cdef2f343756ef296af65d9e.jpg 298,10,319,63,2
2fe75c34fd54e960146fb8b0ad8b3fd6_jpg.rf.6091e6d4216ef3f71b33d14c30ec0d54.jpg 205,78,228,129,8
a932287da44b9dfacd0d16a5c1d27923_jpg.rf.5d4b7b1e6f3b0033a85c6fa52a0dbeef.jpg 48,300,76,363,8
f5231f940bcf1527ef8bb8e46ac0532b_jpg.rf.5d8200f918b607f7dbc41c8533095e41.jpg 312,90,341,158,4 313,115,345,193,1 335,276,365,332,5 298,5,319,51,5 304,61,323,115,0 282,230,307,282,0 282,146,300,186,3 285,189,305,232,3 257,287,278,329,3 247,234,268,278,3 273,76,291,115,3 269,42,285,80,3 266,5,283,47,3 235,28,255,82,2 249,172,274,230,2 206,105,224,147,3 66,81,91,150,10 59,111,86,191,7 56,175,79,231,6 70,57,91,111,6 141,55,163,110,8 56,217,85,281,8 177,285,199,328,9 97,235,121,278,9 98,193,122,235,9 103,150,126,191,9 104,109,128,149,9 106,74,127,112,9 108,40,130,77,9 111,5,127,44,9 77,0,97,45,11 93,280,119,335,11
d079f4e77b2445abceca7534356db743_jpg.rf.463c6a4e369b2ffc0baaef7ebb4a68a2.jpg 219,311,241,355,3
97aeb1f9b745a929e9ac0848acb53a1a_jpg.rf.5997f0ef95b45103711d4fdc239c2691.jpg 233,88,263,159,4 309,112,346,196,1 333,270,365,334,5 232,2,254,49,5 232,29,258,83,2 170,134,198,193,2 268,40,287,82,3 272,73,291,118,3 280,143,301,192,3 248,186,272,232,3 204,103,225,147,3 206,5,227,50,3 135,87,166,158,10 94,127,121,190,6 139,51,164,108,11 53,218,84,282,11 53,110,87,196,7 71,0,98,45,11 89,279,120,338,11 107,3,128,45,9 98,232,121,280,9 108,67,132,115,9 170,103,192,148,9 174,281,198,332,9
285d7c487a4e20ad832a74acb527b77f_jpg.rf.5ce3eb6a89b4c0019fde9d22a5921104.jpg 50,124,88,210,7 136,210,162,257,9 95,119,120,165,9 133,160,157,207,3 213,251,239,302,3 235,118,256,167,3 271,94,303,173,1 295,44,319,95,11
03d3ff4582c8125d69c19a72f846bec8_jpg.rf.5f77781cbc56eff8679f258ff4f7cc9f.jpg 311,91,340,157,4 313,116,345,192,1 325,177,350,232,0 303,62,325,114,0 298,33,321,80,2 329,228,359,278,2 335,279,365,332,5 299,6,319,48,5 266,8,283,47,3 269,41,285,79,3 273,75,291,114,3 277,108,294,147,3 281,147,300,187,3 284,190,306,233,3 292,234,312,279,3 297,285,319,329,3 66,81,91,150,10 60,112,87,191,7 71,57,91,112,6 56,176,79,230,6 77,26,98,78,8 58,222,83,279,8 45,283,73,338,11 78,0,97,43,11 110,38,128,78,9 111,5,128,44,9 109,73,126,112,9 107,108,125,150,9 106,150,125,190,9 102,194,121,233,9 100,234,121,276,9 92,284,117,329,9
dda052fc8dbcce6154d6874a663743eb_jpg.rf.5f2765d09b2e90e6a1d5a629a006e6ac.jpg 304,90,340,171,1 168,114,194,170,11 170,150,197,210,6 53,124,87,213,7 101,42,125,98,5 97,117,119,164,9 135,208,161,259,9 134,160,155,206,3 236,119,256,167,3 214,251,238,302,3
76e118acf05a8ebe06957f8882cc06aa_jpg.rf.6170a8b5a9733bae0c02d0ca375bde10.jpg 174,279,203,361,1
e40003d4bbcdac7196b9502bfe2fb6ed_jpg.rf.67e2013fa9dd32e5a94dc926ddabfd35.jpg 129,23,158,98,10 53,85,85,170,7 174,235,201,303,8 99,4,125,55,5 165,39,189,95,11 171,148,196,212,6 104,47,124,94,9 97,118,120,165,9 135,113,157,162,9 136,208,160,259,9 86,235,116,303,2 200,67,223,128,0 303,82,339,169,1 274,121,296,166,3 242,198,264,249,3 213,252,238,301,3
4ae38537a74c5ed10d5223f8066659fc_jpg.rf.4fef5c4efc7522714a483c38502f21f2.jpg 175,120,197,168,11
8d6f722eadc015a393bd490f9b7a85e6_jpg.rf.651f72c0d06342bd6e79bff0aeea8fd2.jpg 128,88,156,169,7 205,171,236,255,1 94,254,118,303,9
446e75de1ffefc2115e79696bcf0e357_jpg.rf.642c290200ecf6bac85bbde223355232.jpg 341,303,374,355,2
05de676d5078dc0a13796f3f627993ef_jpg.rf.70a6ddff100e5f321d7d6f8d4d977e3d.jpg 249,198,274,256,2
c3e9e81ba1540aae7961a4d8d96600ba_jpg.rf.65c56919cca14d00fbe5d2d44ec569de.jpg 202,139,231,212,4 304,80,337,168,1 313,154,343,210,5 295,302,322,352,3 274,120,295,166,3 204,84,224,133,3 213,251,238,303,3 240,200,264,248,3 193,47,215,94,3 226,9,249,61,5 238,35,260,97,0 130,193,162,254,0 134,106,159,161,8 82,297,117,361,8 70,10,96,63,11 129,26,158,98,10 49,125,87,213,7 64,32,90,93,6 135,148,162,209,6 162,15,182,58,9 162,78,184,125,9 102,46,124,92,9 97,115,120,164,9 96,159,121,205,9 89,251,116,301,9
759a86e63667ca033255c4ab438dd392_jpg.rf.708d1d10d1032312cacd959485e92fa5.jpg 176,309,202,363,5
d795f84f39716798482fb2937868ed8a_jpg.rf.714951561ee3a485ad7bb06fe4377bf5.jpg 304,83,337,167,1 238,34,260,97,0 136,194,164,256,0 236,109,260,171,2 168,291,201,359,2 227,9,249,62,5 203,153,230,211,5 294,299,323,353,3 273,119,295,165,3 194,50,214,95,3 163,53,186,98,3 242,201,265,249,3 213,251,240,303,3 50,126,84,213,7 82,294,113,361,8 130,24,156,99,10 71,10,96,62,11 135,146,161,207,6 66,32,90,93,6 160,14,182,57,9 103,48,124,93,9 96,118,118,163,9 95,159,120,206,9 90,252,117,302,9
99ee6574b2a7afc0bb06269bbcf49a4c_jpg.rf.693e8999d9c962ab16c457b2225359f0.jpg 207,44,227,98,2
5825608dccde6544eef91822136079d0_jpg.rf.62780259541cb1ed0b071c0594b71147.jpg 312,112,337,166,8
859e7157c6d544236a67463c08169b6e_jpg.rf.773fea93fd9593e63fedd9d27f8581a7.jpg 311,90,341,157,4 312,114,344,193,1 306,63,328,116,0 322,180,347,234,0 299,32,322,82,2 329,229,359,281,2 298,7,319,49,5 335,279,364,331,5 297,285,318,327,3 291,235,312,276,3 286,192,307,232,3 282,149,300,188,3 276,108,294,148,3 271,75,290,114,3 269,42,286,80,3 267,5,283,46,3 66,81,92,150,10 58,112,86,192,7 70,58,90,112,6 54,175,79,232,6 71,28,95,79,8 51,232,79,286,8 77,0,97,44,11 44,283,73,340,11 108,6,127,43,9 108,39,127,77,9 108,73,126,113,9 104,108,125,148,9 103,149,125,191,9 99,192,121,233,9 99,233,121,277,9 95,282,117,329,9
a5c65b40e0be3480c0ecfacaab399a87_jpg.rf.65826955144870ecaf37db65ef6532ae.jpg 303,81,337,168,1 238,37,262,95,0 226,7,249,60,5 197,42,221,95,5 275,119,295,165,3 295,301,321,351,3 242,198,264,249,3 213,249,239,302,3 164,52,184,95,3 170,75,197,132,2 86,235,119,298,2 52,127,85,212,7 62,33,92,93,6 134,146,162,208,6 69,13,96,69,11 129,24,158,100,10 82,294,114,362,8 103,44,125,91,9 95,119,120,162,9 94,157,122,205,9 135,210,161,263,9
d67b5b9e900409b050dd9bd594f90709_jpg.rf.7559a07ac3b4029a5a287b4b7b96ea37.jpg 75,8,97,58,8
b5bcde459ca36f0d1f3c20e751336672_jpg.rf.667ee729363a8d60c926d9dd3734bf2f.jpg 53,81,86,169,7 103,49,127,94,9 96,118,121,167,9 169,110,194,168,11 171,150,198,212,6 135,209,162,259,9 306,94,338,170,10 272,86,306,171,1 100,4,126,56,5 133,160,156,209,3 212,252,239,301,3 234,118,256,167,3
f587402be410b424bcbbac06e1dc6162_jpg.rf.7181098acae97a248bfa1d0586a3db69.jpg 341,295,368,356,2
196829feb704a34a4e471155f14bdd80_jpg.rf.7b98c9eefcd83f5cf7eea7a95e4ceba3.jpg 210,126,228,167,3
13106bbc80a01cc413c2ab5052d2ec25_jpg.rf.6fb6095088bd3962b78e22f736409ea5.jpg 171,149,196,210,6 168,112,195,169,11 131,23,159,98,10 174,239,205,300,8 137,207,160,260,9 105,49,125,93,9 95,116,120,164,9 51,82,85,170,7 102,2,125,56,5 81,233,116,300,2 303,83,338,167,1 234,121,256,167,3 167,199,190,248,3 213,253,238,301,3
b7a8c7de4fe1382d69f58ac97e819b5c_jpg.rf.7b795ae14bd822803c9f193def40e3ef.jpg 129,23,158,100,10 50,124,86,215,7 69,8,95,63,11 64,30,91,93,6 132,146,162,210,6 79,291,116,365,8 162,13,183,60,9 102,43,126,93,9 96,117,120,167,9 94,156,121,207,9 138,208,161,260,9 303,83,337,166,1 238,35,258,96,0 167,287,199,357,2 167,75,197,130,2 224,7,249,60,5 204,153,231,210,5 297,300,322,351,3 162,53,184,97,3 194,50,215,94,3 274,119,295,165,3 241,199,264,250,3 213,252,238,301,3
8d796de64b9eed1ffd5ebe550d4ca807_jpg.rf.7a9a939f45b77b1804da67fbb088c795.jpg 72,6,97,58,8
1877a28e4c5f5c1ea68aca66f4e85d95_jpg.rf.7d7dcb905c94e79222205feb915bafec.jpg 312,91,340,155,4 313,115,342,192,1 284,227,306,285,0 302,60,323,116,0 333,276,364,334,11 298,4,318,53,11 172,137,195,191,2 236,27,256,82,2 268,44,285,79,3 265,5,282,45,3 285,191,305,232,3 280,147,300,189,3 272,73,289,115,3 207,104,223,147,3 246,234,266,279,3 257,284,279,331,3 75,0,97,44,11 92,281,119,336,11 56,110,87,192,7 62,81,92,150,10 54,175,79,232,6 140,0,161,45,6 140,54,163,110,8 55,221,85,279,8 176,284,198,328,9 101,192,120,233,9 98,234,121,278,9 105,149,124,192,9 173,105,191,146,9 169,39,188,79,9 108,71,126,113,9 109,4,128,46,9
00bc0cacffdebe6b11bdeec56f63ee49_jpg.rf.59f0f02a28f020d480fd5d1d8aa32f6d.jpg 205,62,229,132,4
4667110b61b16e786673ed6126ccc35d_jpg.rf.775479ebec16606e8b47874da02463fb.jpg 207,73,227,129,6
03886821377011fec599e8fa12d86e89_jpg.rf.78d439f975872bc0120d597bd265684b.jpg 212,167,231,209,3
c0d68e012bb93c14bc333fc1d5e52621_jpg.rf.60fc27683bf9457b110251dbc3bb7c4b.jpg 217,295,244,355,5 244,172,276,254,1 232,99,261,176,4 200,116,223,161,3 128,128,161,213,7 92,254,121,302,9 167,120,190,163,9
4807629b8df9c7eb4366b7feccd72e6a_jpg.rf.8586b4e2e824f8ee2e108a4a32592c9d.jpg 206,11,224,64,2
76d01bada90581f55f1ae64c062cafcf_jpg.rf.82f338c5d9879e03d2a7455a585493e3.jpg 87,234,116,301,8 303,84,337,168,1 226,7,250,61,5 198,66,223,127,0 164,53,185,97,3 275,121,295,168,3 241,199,264,249,3 214,253,237,301,3 174,237,203,301,8 171,146,196,211,6 52,82,84,169,7 169,6,192,59,11 132,25,156,99,10 103,47,124,93,9 95,119,120,165,9 134,114,156,162,9 137,206,160,258,9
743665d7ef6ab0330e8786227f6f4051_jpg.rf.6482e654f2b3d8ecebfdaf396c741b07.jpg 304,88,341,175,1 52,123,90,214,7 131,158,157,209,3 231,116,260,170,3 210,251,240,306,3 134,209,162,260,9 95,117,120,164,9 65,32,93,90,5 167,44,196,103,11
02f0931b536dfba10affc3231a3d64fb_jpg.rf.7daf233a70122377355a36ca33e82aa4.jpg 211,152,232,208,6
5a8433ec79c881f84ef19a07dc73665d_jpg.rf.8c74727285683022959679af3c43f190.jpg 209,110,230,168,6
49c2afbbe5726160b289f7c0c62cdace_jpg.rf.88443bd77810fdde979f0d6c41bd3cc8.jpg 105,51,122,89,9 275,122,293,164,3 306,81,335,166,1 204,89,222,127,3 101,20,123,63,9 229,53,249,93,3 295,40,317,93,0 100,61,129,114,10 101,112,125,163,9 264,21,282,59,3 163,81,182,125,9 52,133,81,208,7 64,38,92,100,6 201,116,227,169,2 66,13,94,73,11 169,209,193,255,9 238,109,262,167,2 280,145,310,209,4 217,251,240,295,3 93,255,114,298,9 289,15,310,56,5 238,202,260,250,3 338,294,368,354,5 42,245,71,303,6 322,199,355,250,2 51,196,80,257,8 132,106,158,165,8 96,151,122,204,9 209,165,231,212,3 170,300,196,349,9 131,294,160,354,11 299,300,322,347,3
bc5decab88861286dcf78a367b4377cb_jpg.rf.99264d2583f17e6ba8a7b2e15c54271a.jpg 235,5,256,52,5 334,275,365,335,5 314,111,345,194,1 236,86,263,161,4 280,145,302,191,3 272,73,291,116,3 267,39,285,79,3 207,5,226,49,3 251,188,270,233,3 206,105,226,148,3 236,29,254,82,2 171,135,199,193,2 170,221,198,281,6 56,109,89,193,7 139,88,166,159,10 141,53,164,109,8 51,218,86,282,8 91,280,121,337,11 74,0,98,46,11 99,232,121,279,9 108,5,129,46,9 108,69,133,113,9 172,101,192,147,9 173,282,199,333,9
4ab3343c9e91e56813f6c36bcac9896a_jpg.rf.959e82a0ff12d5f2276016650905b3d1.jpg 136,210,164,259,9 305,86,340,176,1 292,42,319,99,11 87,126,125,209,7 95,118,121,165,9 233,113,258,171,3 132,155,157,209,3 211,250,239,304,3 45,151,80,214,5
9e943906fba1ec89edfacb2dd7976504_jpg.rf.9702132e48df03814384024ca7313212.jpg 172,12,194,64,2
edd285915356686fb53fb52c1ded0e53_jpg.rf.9e9b27a0d423c4ec63e6e1dd825d8ced.jpg 173,38,193,94,0
f041d3171dfe3137390c85fc5437e447_jpg.rf.8814a03f0ba5cf32468d13ff688c5594.jpg 300,82,337,168,1 252,287,287,355,2 263,39,288,97,5 279,202,304,250,3 204,121,226,169,3 210,193,235,256,0 131,29,160,96,0 55,121,92,209,7 130,201,154,252,9 66,27,95,95,8 197,0,222,58,6 46,235,76,299,6
1728cd731489df8bb8e0396e178fe393_jpg.rf.9aa607b72daa7a732ab1285f5ff96c66.jpg 302,84,337,168,1 167,112,194,169,11 133,146,160,208,8 172,147,196,212,6 130,23,159,97,10 53,82,86,171,7 102,48,126,92,9 96,117,119,165,9 136,208,159,258,9 100,2,126,57,5 235,119,257,169,3 166,202,191,248,3 213,252,239,302,3
b79ae5b70de58089ead6e32b235e30d3_jpg.rf.87a4a8323a2c39c2f925c7987a01d1b6.jpg 303,81,337,168,1 239,35,260,94,0 225,5,251,60,5 202,149,232,214,5 272,117,296,166,3 297,298,322,349,3 214,252,240,304,3 241,196,264,249,3 163,53,184,97,3 193,51,216,95,3 235,107,262,171,2 170,289,199,357,2 131,23,158,98,10 80,294,116,362,8 69,10,96,63,11 134,146,162,210,6 66,29,92,96,6 47,127,86,213,7 160,12,184,58,9 103,45,126,93,9 97,116,118,163,9 96,158,120,207,9 135,207,162,258,9
8dd12470c30e3b265e8933a6fee7ad28_jpg.rf.84b8584b870b790d4f5d40bdd24c1af4.jpg 203,7,223,61,8
c733616ab773817dd1a356dbbdf2ee33_jpg.rf.a3c3194c8e748b8ab26858a2646ba856.jpg 207,116,231,168,8
4939035108d04ee672570a7cc937e270_jpg.rf.a00ea9b7a719681055868d92c1191fe4.jpg 316,90,340,150,4 313,115,346,191,1 306,63,328,116,0 322,181,347,234,0 299,32,322,79,5 329,226,359,281,5 299,5,319,50,5 334,279,365,332,5 266,8,283,47,3 268,41,286,79,3 271,74,290,113,3 276,104,294,149,3 282,145,300,187,3 287,187,305,231,3 292,233,311,277,3 297,281,318,329,3 65,82,92,150,10 58,112,87,191,7 69,58,91,112,6 54,174,79,231,6 72,29,95,78,8 51,230,79,286,8 46,281,74,339,11 76,0,97,44,11 107,5,127,42,9 107,38,127,76,9 107,73,127,113,9 102,108,125,149,9 102,149,125,193,9 97,193,121,233,9 96,234,121,278,9 92,285,117,329,9
a4ebf4c268d80c4fe329331ea981b3a1_jpg.rf.a15a2e6dfb1ce2864f46f69bb0c54795.jpg 172,136,198,193,2 206,5,226,49,3 332,277,367,335,5 317,161,353,244,1 236,84,263,159,4 280,147,301,191,3 272,74,291,118,3 205,106,225,148,3 248,188,270,233,3 251,269,282,328,11 75,0,100,49,11 139,86,163,159,10 97,115,127,196,7 171,220,196,280,6 200,29,223,84,8 136,177,162,236,8 171,103,192,147,9 108,2,128,45,9 110,67,129,113,9 97,230,121,279,9
3474d785b1b21d68163f56aa00a92bc9_jpg.rf.7edb79a8e8ad56b74a670a5c43b5cf2a.jpg 333,271,365,336,5 318,160,354,246,1 236,86,262,158,4 272,73,292,118,3 280,145,302,190,3 248,187,271,232,3 210,6,225,47,3 205,104,225,147,3 171,135,197,192,2 201,28,223,84,8 172,219,197,279,6 96,112,127,194,7 139,84,163,159,10 135,173,161,233,8 76,0,98,45,11 108,2,128,44,9 108,68,129,112,9 173,104,191,145,9 173,283,198,329,9 97,233,121,278,9 90,280,122,338,11
6f0a888f9e5aed9516e336fd04723ce1_jpg.rf.9dbcc89d91a6cada0f389a0e88ecf86b.jpg 76,2,97,59,8
a9987cf6cc5c6545818ec294d4a5bb9b_jpg.rf.95a5bb9f3138fe997ff8faa21a85436f.jpg 170,150,199,209,6 169,115,193,169,11 173,237,203,303,8 52,83,87,171,7 129,24,158,97,10 103,46,126,92,9 96,118,120,163,9 138,211,159,260,9 104,2,124,56,5 132,143,158,207,2 303,82,339,166,1 167,202,190,247,3 234,119,256,166,3 213,251,238,301,3
d494cb268ad7f9f55587de138edc1dc4_jpg.rf.a61a3722fe947a9e22034acaaff19a8b.jpg 52,296,79,359,8
22e74efb18b2d88fba63d25a61bf5f97_jpg.rf.91ebc978b333aae9ba2289e894ff95c3.jpg 302,79,337,169,1 225,8,249,64,5 198,64,226,129,0 272,118,295,167,3 241,200,265,250,3 214,249,239,302,3 162,51,186,100,3 130,150,160,214,2 85,232,116,299,2 81,294,113,358,8 68,11,95,64,11 130,24,158,98,10 51,85,86,169,7 170,145,195,211,6 135,113,156,160,9 103,47,126,92,9 96,115,121,165,9 133,208,161,260,9
8de03901c64a80070048ead3fb0d32bd_jpg.rf.a81d5c2674e7d68b2245ef7725a87fac.jpg 337,297,369,353,5 304,82,335,167,1 294,10,316,61,5 203,139,228,213,4 252,242,278,304,2 237,111,260,168,2 297,301,321,350,3 242,202,263,246,3 215,254,237,300,3 274,122,295,166,3 203,88,225,132,3 229,51,250,94,3 260,5,282,62,0 137,196,161,256,0 64,34,89,92,6 71,13,93,62,11 52,127,83,209,7 130,24,156,98,10 133,110,158,165,8 52,199,83,255,8 45,245,74,305,6 93,255,115,302,9 95,160,121,205,9 97,118,118,164,9 102,49,124,94,9 162,14,182,58,9 164,81,185,124,9
f2672cdc28767484b556da3ab6f1003e_jpg.rf.7d0badf9505f1655f0561107d11a19f1.jpg 306,90,340,171,1 168,112,193,170,11 169,147,197,212,6 52,81,86,171,7 134,210,161,258,9 97,115,120,164,9 99,44,125,97,5 133,161,155,208,3 236,118,254,168,3 213,251,238,303,3
7df16cd59fb40e0691948cc805e4801b_jpg.rf.87b8be301feea11509703396e6f8b8e2.jpg 173,81,195,130,11
3bab0eaaeb63a2ac9ae4942df4006a25_jpg.rf.a637df4b9da83609e96c1828e1f4366b.jpg 303,83,335,166,1 319,193,348,248,5 294,9,316,62,5 236,110,260,169,2 251,241,280,304,2 295,302,320,350,3 203,140,230,213,4 230,49,251,96,3 275,121,295,166,3 241,201,263,248,3 217,254,236,300,3 204,88,225,131,3 260,4,282,62,0 137,193,162,255,0 131,25,157,97,10 50,126,86,211,7 85,295,113,360,8 71,10,92,62,11 67,32,89,92,6 44,244,74,307,6 133,107,160,167,8 161,13,182,58,9 163,78,183,125,9 103,47,124,91,9 97,119,118,162,9 96,159,119,207,9 93,253,115,300,9
92992ff9c823e0420bf17e71db9ef4ef_jpg.rf.a9c86b7daee5c7b1977507f760cdd7e8.jpg 214,243,238,303,8
59727dce26aaa6100078810b61404069_jpg.rf.7c04dbe505cf1bd214e4f491e3a395af.jpg 208,100,231,170,4
3161933dffedf8a859d6623a99492c53_jpg.rf.9267abfc68d9bd6af1912b5d0319f36c.jpg 175,164,198,215,5
ca869123d8a0cbcc6e54f4a445e5a78a_jpg.rf.882d99242b6bdb27680eadd4a5904cb2.jpg 70,11,95,63,11 51,85,87,169,7 65,31,89,92,6 130,22,159,98,10 80,295,115,361,8 103,46,124,92,9 97,118,118,163,9 96,159,119,206,9 136,211,161,257,9 303,82,339,167,1 238,35,260,97,0 226,5,249,61,5 200,115,225,171,5 87,233,118,301,2 132,150,159,214,2 165,54,186,98,3 275,119,295,166,3 205,311,229,360,3 214,253,238,301,3 241,200,264,249,3
f3e64e9dd12b65b941c142d142b33ef5_jpg.rf.a9db857ababa4d01d03eb09a527d29fc.jpg 176,53,195,100,5
2ee0fd0963465ba29d8f27c6e605c55d_jpg.rf.b0d9e857c9a56fc8077ea156fca40284.jpg 219,300,243,358,6
f1ea0167087976926d4fe0aa36b961ce_jpg.rf.ab4d245320384c2d04ba6e9ba6a652ec.jpg 302,79,338,169,1 198,0,221,61,6 54,120,88,211,7 129,200,155,252,9 135,31,159,96,0 204,195,238,259,0 279,201,301,251,3 202,121,228,168,3
53de0674524ae6d77bdfff48136dec2a_jpg.rf.aadf3edd69993569f90483c91fae1fca.jpg 237,35,259,96,0 303,84,337,165,1 87,234,116,299,2 132,149,160,211,2 296,303,321,352,3 274,120,297,167,3 242,200,264,248,3 213,252,238,303,3 227,7,248,60,5 201,117,224,170,5 70,11,93,62,11 164,53,184,99,3 53,86,87,170,7 81,296,116,360,8 64,27,91,93,6 132,23,158,100,10 103,47,124,92,9 97,118,119,165,9 96,158,120,205,9 136,210,160,258,9
a20eb4bb3cea2e394cfcf9ed969b628e_jpg.rf.abd0f3c626fca3ba6c4111d4fbf656ab.jpg 138,153,161,208,8
ec5ab1930d6aa16fff2582b48f82cada_jpg.rf.ab0666b98c1ed6aed1a7a268fdb79ec6.jpg 332,276,364,332,5 315,159,353,244,1 235,85,262,158,4 196,29,224,83,8 207,6,226,48,3 278,144,300,192,3 268,73,292,116,3 205,104,225,148,3 249,185,272,232,3 170,135,196,192,2 51,219,82,280,8 136,86,164,156,10 96,112,128,194,7 97,233,121,280,9 91,281,120,338,11 72,0,98,45,11 106,0,128,46,9 170,104,193,148,9 109,68,129,115,9 168,218,196,280,6 173,282,198,331,9
9146a6989dac08f1769e677064ebfb49_jpg.rf.adc60b60fd2041dbb3102a4561edf7b6.jpg 176,195,198,253,0
8bb72e70f0560095885586deba37a524_jpg.rf.addedc80f989194e077b8c53871457b8.jpg 215,257,236,300,3
f02d615907c77dc15f02bd1372e4398f_jpg.rf.b46e520760107eb69d290ac810d8e1aa.jpg 217,288,244,360,4
8967433350d3b3043902603430fccaab_jpg.rf.b3b6e9ca2da2674266a7d44c368a3953.jpg 305,86,335,165,1 314,133,344,203,4 325,199,354,251,2 306,78,332,127,2 329,243,356,301,0 298,36,319,93,0 291,11,313,59,5 337,299,369,355,5 297,304,321,350,3 290,246,312,291,3 280,205,302,248,3 280,158,300,200,3 270,122,294,164,3 271,91,291,133,3 262,54,282,95,3 263,16,280,58,3 59,100,88,172,10 51,129,83,210,7 58,77,83,128,8 49,198,82,255,8 65,31,89,91,6 44,246,72,306,6 69,14,93,63,11 40,307,72,365,11 101,17,121,59,9 104,49,124,92,9 98,85,119,128,9 97,120,119,163,9 96,159,120,205,9 87,311,112,357,9 89,252,114,301,9 168,208,190,255,9
383c2ed7bbe2d327ab55a871db497c33_jpg.rf.ac062d648b1833d4c5ada1dbc6052060.jpg 339,292,367,354,8
6bb6f7cb96bf37230681d12ff7882f61_jpg.rf.b1255adcc94141477b7d089a0b9ebf42.jpg 251,198,276,254,2
8ff64b3f770bfe96bdffc629efd16460_jpg.rf.b56392e0638bcb50479d4e74dad8ac8a.jpg 340,299,374,352,8
48e115dcbf1b3a67ca47a75a92da3f33_jpg.rf.9a3c3e55cb4a229779fc06a672af0765.jpg 340,294,368,354,8
4894f034a55eaa9252cd261a62b11d27_jpg.rf.bb716c1e40a670ecd703683c8dc332c0.jpg 302,82,335,172,1 207,193,238,255,0 277,201,302,251,3 204,121,230,169,3 57,115,93,211,7 134,34,160,96,0 130,201,157,251,9 200,0,225,60,6 262,42,288,94,5
80c787b97ed3e2b4befd6b11aa2fba37_jpg.rf.b7e9d028eb34400c5d239b57639e086e.jpg 305,89,342,177,1 292,42,319,100,11 135,210,162,260,9 50,124,89,214,7 96,118,121,167,9 65,32,93,90,5 131,159,157,206,3 210,249,239,306,3 232,118,258,169,3
cf2784fa97151d5316b2961b1e62dc45_jpg.rf.af04872f77bc32d96852b458e1b3597d.jpg 339,280,372,337,5 259,271,287,329,11 290,208,326,289,1 244,85,271,158,4 286,145,309,192,3 280,73,300,119,3 257,187,277,232,3 177,132,204,189,2 214,102,232,144,3 209,25,232,82,8 178,270,207,333,8 178,218,201,277,6 147,81,171,154,10 106,106,134,191,7 87,0,107,41,11 180,102,200,144,9 117,0,138,40,9 118,63,138,107,9 103,227,128,273,9
479459fe5c8213a84fd55ba82f2670b1_jpg.rf.c0cbd0b155916350af1e743b11766dfc.jpg 311,90,340,155,4 312,115,342,192,1 325,178,348,232,0 304,62,323,114,0 297,34,321,80,2 329,230,359,280,2 299,6,318,48,5 335,279,363,332,5 297,285,318,327,3 291,235,311,277,3 287,192,305,232,3 281,148,300,189,3 276,109,295,148,3 273,74,289,114,3 268,42,285,79,3 267,7,283,46,3 67,81,92,150,10 60,112,87,191,7 70,58,91,112,6 56,176,79,230,6 78,26,99,79,8 56,221,83,280,8 47,283,73,338,11 78,0,97,43,11 111,3,127,43,9 110,39,127,76,9 109,73,126,114,9 105,107,125,149,9 106,150,125,191,9 99,193,121,235,9 100,234,121,278,9 94,286,117,329,9
0798bfb058da59d189c1bfadcf814f29_jpg.rf.b73199953251d84e4895a862463b7964.jpg 129,87,157,170,7
6403b91d63799cb9b5531c47b195d088_jpg.rf.cb883855985dd9bb6c6abc4cbe53fa76.jpg 211,185,237,255,10
9962a4d44388b9008aa0f466e4f4052c_jpg.rf.b2b9e1236e560e47019df29344b0cc10.jpg 234,84,263,158,4 318,158,353,244,1 331,274,365,335,5 279,145,300,192,3 270,74,292,115,3 266,39,285,81,3 207,8,226,48,3 204,102,225,149,3 247,185,272,234,3 170,135,197,192,2 73,0,99,46,11 93,281,120,338,11 95,112,127,195,7 200,27,223,87,8 53,221,85,281,8 171,222,196,280,6 138,84,164,158,10 170,104,191,147,9 107,2,129,46,9 109,68,129,112,9 96,233,121,280,9 173,283,199,331,9
3730ef213ac6aad431475a9ab28f349a_jpg.rf.c18235c762e398156f5a67144b46d3a9.jpg 234,4,256,50,5 335,275,365,332,5 308,111,345,194,1 234,87,262,158,4 267,37,286,81,3 273,73,291,117,3 280,146,301,189,3 284,189,305,233,3 204,104,224,146,3 207,6,225,49,3 236,27,255,81,2 171,135,197,194,2 92,281,120,339,6 52,175,80,232,6 72,0,98,46,11 56,110,87,194,7 134,88,165,158,10 140,52,162,108,8 54,220,84,279,8 172,105,191,148,9 107,2,128,45,9 109,67,130,112,9 95,232,123,280,9 172,281,199,329,9
3e8fb24addda1a0945bd6b7777bc4018_jpg.rf.d17abcc1ddc47bcc382536d9669e3fd5.jpg 237,36,261,96,0 302,80,338,166,1 201,76,228,128,5 169,76,196,131,2 167,291,199,357,2 295,297,322,352,3 224,7,249,61,5 272,119,296,165,3 214,252,237,302,3 240,198,265,249,3 194,48,215,94,3 165,50,184,98,3 51,127,85,213,7 131,23,157,97,10 81,295,115,361,8 70,10,95,63,11 66,32,90,93,6 136,148,161,208,6 161,13,182,58,9 103,47,125,91,9 97,118,119,165,9 96,158,120,207,9 136,209,160,259,9
48d3c59a99b2b5a5b9f1eb7d5ba63b60_jpg.rf.c196233c6c25ec23958aa743163344b1.jpg 334,272,366,335,5 205,3,227,47,3 311,110,346,197,1 234,84,262,159,4 279,147,303,189,3 270,75,293,116,3 266,38,286,82,3 206,103,225,148,3 249,190,272,238,3 168,135,197,194,2 170,220,199,281,6 137,82,164,161,10 200,27,224,88,8 53,220,85,282,8 55,110,87,193,7 72,0,99,47,11 91,280,122,338,11 97,232,122,281,9 171,103,194,148,9 109,1,129,46,9 108,72,130,113,9 175,280,201,331,9
0cf670506bf9e0fe587647cd62caa232_jpg.rf.cc43d799dab21abc85a4368295867d8f.jpg 173,177,199,256,1
1b4ccdf7d5ff45dc6c3885243bde5af2_jpg.rf.c0b83419aa9e3c1b3b5a9cba2b9ea579.jpg 128,85,157,169,7 92,251,120,305,9
3091c9b25d76e9cbd0af83ced9f354e5_jpg.rf.d5f14cd80477f444b7ed601f609c67dd.jpg 298,15,322,63,2
5e71cb8d41c333a18e799ef0004b040c_jpg.rf.d65a0847e82174366d01e29a636074e6.jpg 177,299,201,356,0
4eb630d4dd38528dacf72355caf5c06d_jpg.rf.cef25bd3e5eb142ccd065e5d26049127.jpg 166,37,191,95,8 81,296,114,362,8 50,126,86,215,7 129,27,157,100,10 68,10,97,64,11 64,32,91,94,6 135,146,161,208,6 159,13,183,57,9 102,47,124,90,9 96,116,119,164,9 91,251,115,300,9 96,157,120,207,9 302,81,337,167,1 236,109,261,171,2 168,293,198,357,2 225,5,248,59,5 204,152,230,210,5 238,35,258,97,0 136,195,162,257,0 204,88,224,133,3 193,50,214,93,3 274,121,296,168,3 297,301,322,352,3 242,198,263,251,3 214,250,238,301,3
38f26ee82e38d332b2a831aa47bd363b_jpg.rf.ce772b291dcc390ce7786ed11a493495.jpg 206,91,232,169,7
b5102d7f9740eee7754ed268becb2163_jpg.rf.d4a8cfe5fa4d0f53d73c64b07ebabbce.jpg 173,116,195,170,2
300f80826bbb7dc4bf83e148614f2f77_jpg.rf.d2ebe06b4f53115a03fefa84f8ce7f4e.jpg 204,21,221,61,3
247f9cf35a263dc7dd7886b187fd5480_jpg.rf.ca7241ecf892e490f69312d56b5a6773.jpg 294,12,319,62,8
ec4c30d88ecc70b6a3e76dbd9b17324a_jpg.rf.da4ab525f8d9b96b4de4067bd6694cbb.jpg 281,226,312,285,2 333,276,365,333,5 312,111,344,195,1 236,85,262,160,4 234,2,255,51,5 234,27,256,82,8 171,135,196,192,8 207,6,226,50,3 272,74,292,116,3 266,40,286,81,3 280,145,301,190,3 282,187,305,233,3 253,284,280,330,3 206,101,226,146,3 56,110,88,193,7 74,0,97,44,11 91,279,120,338,11 51,173,79,231,6 64,79,92,151,10 139,53,164,110,8 53,220,83,281,8 172,104,191,147,9 109,3,129,44,9 107,71,127,115,9 103,150,124,193,9 99,192,121,235,9 97,233,121,278,9 174,281,198,329,9
9fc54a45feb5b01db8f6828d181fb075_jpg.rf.c78f29bbe2df51ae862c73f5cca0eebd.jpg 204,39,224,95,6
d9acc69c5d57623cda22786e309201c9_jpg.rf.dc4a82120ade321eeae8146c917e3109.jpg 256,267,292,355,1 333,293,368,355,5 231,98,260,175,4 269,82,293,130,3 202,118,223,164,3 245,201,271,253,3 129,129,163,212,7 166,117,189,165,9 99,14,125,59,9 91,253,119,302,9
8f84f1945fd993facc3368d13345f333_jpg.rf.b190d526f930a1e6e0c8568294cd2837.jpg 254,294,283,353,11 336,296,367,353,5 284,222,318,309,1 233,99,262,172,4 272,84,291,128,3 246,205,269,252,3 203,119,223,162,3 97,196,124,255,5 131,130,162,211,7 58,79,86,131,11 168,119,189,164,9 138,54,158,99,9 101,15,122,58,9 93,256,118,302,9
0b4ba28f0c759a11750a6430649b52e3_jpg.rf.c732477a7f65117e3fb24bbd7bca5b8e.jpg 204,27,227,95,10
79e744a68d6e6f83be0a9e8761ea66a4_jpg.rf.d796c3ba698ebf673f0d3fc42062e20c.jpg 210,142,234,212,4
fc9d7bc0453cb3324406401c00224d30_jpg.rf.c596d992843d8a35d80cadf5489e0770.jpg 212,201,237,253,8
34ad1966ae7a17d4502ca141413ed8d2_jpg.rf.dd63137d1c9d6095c293b48a0b6f3334.jpg 209,140,233,211,10
2c32afd520cc8bf076dfa5b6e2e1c4c1_jpg.rf.c546a535eb5f3a68ed59a794c1faeb2a.jpg 175,164,194,207,9
0115e4df73475b550e5c6f7a88b2474f_jpg.rf.dfa577bd4af5440d689046c2f48bc48e.jpg 201,0,223,62,7
57def88c6de500f5f6926354b3680a13_jpg.rf.dd74421d7ddaa3ec1198e12a84a9f1dc.jpg 179,21,197,66,5
998222d9c93f1640829d4f0032dbf3e8_jpg.rf.dfdbeef166796c8f4327b3a456ca1cfe.jpg 139,75,161,128,8
6f0de9b594de9f9b92c6a20daa51a28a_jpg.rf.e7362c0e232dfa07aa0eb3f52bb4fd50.jpg 211,153,232,211,2
3057eba7e9b0221ddbdc96a01f39ab79_jpg.rf.f5ca64930fd980c194483c8a3bb6a54e.jpg 205,28,226,96,4
31419854b103ca6becc4cc394c449e95_jpg.rf.ed358e1365d7de3a15257d87752c51b9.jpg 208,99,232,169,10
9504fb6b81031feac1fbf1e128b5c173_jpg.rf.e4e7ce142edc55c73267abbe60ec69b3.jpg 305,90,341,171,1 292,39,319,96,11 214,253,238,300,3 232,116,257,168,3 133,156,156,208,3 135,207,160,259,9 96,118,121,168,9 48,124,90,214,7
c3e3b51f63d344be346e6e425f30f87a_jpg.rf.f88e789167d309e0381aa2c9d4a6e322.jpg 311,89,342,158,4 313,115,344,194,1 334,278,365,333,5 299,5,317,51,5 304,60,324,116,0 283,228,308,284,0 266,5,284,45,3 273,75,290,116,3 269,41,285,81,3 285,191,307,231,3 282,145,300,188,3 258,286,278,329,3 247,235,268,280,3 206,104,225,146,3 235,28,256,81,2 173,132,197,192,2 66,80,91,150,10 59,112,86,189,7 71,57,91,112,6 55,177,78,231,6 142,55,163,111,8 55,222,83,280,8 94,280,119,337,11 78,0,96,44,11 111,5,126,43,9 111,39,127,75,9 109,74,125,112,9 106,108,124,149,9 105,150,125,190,9 101,191,120,233,9 100,234,120,277,9 176,282,197,329,9
d3a4e1b8f13ef89f419251f5c5839d0d_jpg.rf.e4b5ce214ea2670fa96ab949aec57dcc.jpg 177,309,198,355,9
7ee8d13861bdc45e40a7cfe190a8d8a6_jpg.rf.f89633224312e1c80ce73c4e05c65051.jpg 129,24,159,99,10 64,33,90,91,6 69,11,96,64,11 53,84,85,170,7 80,295,116,364,8 102,44,127,94,9 96,117,120,164,9 96,158,121,207,9 136,210,162,258,9 303,82,338,165,1 237,38,262,96,0 85,231,117,300,2 132,147,160,216,2 226,7,249,60,5 199,115,226,171,5 162,53,184,101,3 274,118,295,166,3 215,251,240,303,3 240,198,263,250,3
65ba27557c78850168b1df70a3ce4ff7_jpg.rf.ef005cf77310609923ff2fb962581194.jpg 336,296,368,355,5 257,266,291,353,1 232,100,261,173,4 271,83,292,127,3 247,204,271,250,3 203,117,224,163,3 130,128,162,211,7 59,78,87,130,11 100,15,124,58,9 137,53,159,98,9 168,119,190,164,9 93,253,118,304,9
6589f4cfb37439d7d276f0d70f7ee1f0_jpg.rf.e6bfa3034bc8005aaadf8ba1aca18e61.jpg 288,207,324,292,1 338,279,371,341,5 174,132,206,189,2 242,83,270,160,4 278,69,300,118,3 213,102,233,148,3 255,188,276,236,3 259,270,288,330,11 207,24,233,84,8 104,107,135,191,7 84,0,109,39,11 146,80,169,154,10 177,98,201,147,9 116,0,138,41,9 116,61,138,107,9 103,226,127,273,9
1a8a4abcba7c4ead35c01f05b9fae8e5_jpg.rf.e36b61dd77198f5d2ffd5c39645638cb.jpg 339,298,369,353,5 294,11,316,57,5 280,137,307,207,4 305,84,337,165,1 325,199,354,254,2 240,114,265,170,2 297,37,320,93,0 207,110,226,166,0 297,304,321,351,3 275,122,293,165,3 230,51,249,96,3 202,16,220,58,3 205,88,222,131,3 212,164,231,208,3 240,204,259,250,3 215,253,237,303,3 53,128,84,209,7 135,110,159,166,8 53,200,81,255,8 131,295,158,353,11 72,13,93,63,11 66,34,89,93,6 48,248,73,306,6 101,58,129,126,10 106,48,123,92,9 100,119,118,162,9 163,14,181,57,9 164,80,183,125,9 98,161,119,204,9 92,256,114,301,9 175,304,198,352,9 169,210,189,256,9
f52e1873b8583f8bf4f7ddf6e9649f07_jpg.rf.e9f936cd405597e058a5d399d094078d.jpg 339,281,369,338,5 289,204,325,292,1 242,85,270,156,4 281,71,300,116,3 256,186,277,233,3 212,101,233,146,3 175,133,206,192,2 144,80,172,157,10 105,105,134,190,7 177,100,200,146,9 150,34,171,79,9 117,0,136,42,9 101,224,128,276,9 74,56,100,109,11 258,269,289,333,11
d415969922564f317be0d1433330626f_jpg.rf.ec44988c2ee838f90f37cc64ea149905.jpg 285,224,316,306,1 339,296,368,353,5 254,293,282,349,11 271,85,291,127,3 249,205,270,247,3 233,99,260,170,4 169,152,195,210,2 203,120,221,162,3 134,103,161,173,10 94,133,122,215,7 60,78,86,130,11 169,121,188,162,9 137,53,158,98,9 104,16,122,58,9 94,254,118,303,9
9c5fb0c3cfd7b334a247cd87c139e8e6_jpg.rf.e515316111e554f86ea49e12faeda7a4.jpg 311,92,340,155,4 313,115,345,192,1 307,63,329,115,0 322,179,347,234,0 299,33,323,81,2 329,228,360,279,2 299,7,319,49,5 336,280,366,333,5 265,7,283,46,3 268,39,285,79,3 273,74,290,114,3 277,108,295,149,3 280,148,301,187,3 287,189,306,233,3 291,235,312,278,3 296,285,319,328,3 65,80,92,151,10 58,112,86,191,7 55,175,79,232,6 69,58,91,112,6 72,29,94,78,8 50,232,79,286,8 94,286,117,330,9 96,235,122,278,9 99,194,121,235,9 105,150,125,192,9 104,109,126,150,9 110,74,128,113,9 110,39,128,76,9 110,5,128,45,9 77,0,97,44,11 45,281,73,339,11
beb11566e59775b61f0ca369952067cc_jpg.rf.f2f174dcc0acd5991b822c5ca1a6735a.jpg 282,222,307,284,0 232,4,256,51,5 335,275,362,331,5 312,111,345,193,1 237,86,261,154,4 209,178,230,235,0 271,75,291,115,3 268,41,285,80,3 280,145,300,190,3 284,189,305,231,3 257,286,279,334,3 246,234,267,277,3 205,104,224,145,3 207,7,225,50,3 233,27,256,81,2 169,137,196,192,2 64,79,92,152,10 56,110,87,191,7 92,278,118,335,11 73,0,98,44,11 141,0,160,47,6 52,174,78,230,6 140,54,163,111,8 55,221,83,281,8 172,104,190,147,9 168,36,189,79,9 109,2,128,45,9 107,72,127,113,9 102,149,125,189,9 100,190,120,234,9 99,233,121,279,9 175,282,198,330,9
49f78dc9aaeadd0c76ed2def75c358f3_jpg.rf.ebe11640761df4735fa11bf2516c7967.jpg 174,227,201,306,1
239c409d5c09b493fed01a70a3cda4bc_jpg.rf.f8f5bf822dba445148cf5271f1a7e34d.jpg 234,29,257,82,2 172,134,195,192,2 282,228,309,284,0 304,63,327,120,0 313,112,344,195,1 333,275,364,335,5 234,2,255,50,5 238,87,261,156,4 267,40,285,79,3 271,75,290,117,3 283,190,306,231,3 281,146,300,188,3 246,234,268,281,3 258,285,279,332,3 207,7,224,47,3 205,106,223,146,3 140,0,161,45,6 57,111,87,193,7 53,175,78,230,6 63,80,93,152,10 92,280,120,338,11 75,0,99,46,11 54,218,83,278,8 140,55,162,109,8 172,105,191,147,9 168,36,188,80,9 109,2,127,46,9 108,71,127,113,9 103,149,124,190,9 100,194,121,234,9 99,233,120,277,9 175,282,197,326,9
d33c33de41dbe1a95a43212c58fd12b7_jpg.rf.fca260fa864f5898d61bee78b5f152e1.jpg 295,10,317,63,8
a9768de3fceeeae2618f362870fb9a88_jpg.rf.f08a04590fba92deafdb3def03e97c44.jpg 314,132,346,205,4 305,89,336,164,1 305,77,333,127,2 323,200,355,250,2 299,37,320,93,0 329,245,356,300,0 290,8,313,60,5 337,300,369,354,5 297,304,322,350,3 288,245,314,292,3 279,204,301,247,3 278,158,300,199,3 275,123,295,164,3 272,90,292,132,3 266,53,283,93,3 264,17,281,59,3 60,99,87,170,10 52,128,82,209,7 58,78,85,125,8 52,199,80,254,8 66,34,89,90,6 46,247,73,305,6 70,11,93,61,11 40,307,70,363,11 101,17,120,58,9 103,50,122,92,9 98,85,117,127,9 98,120,119,160,9 97,160,119,204,9 94,206,116,251,9 90,255,113,301,9 86,312,112,357,9
040f2bcba5afce3afafdd5bbf36d2ca5_jpg.rf.fe6d0720247b60f2c6e1cda98fd00cab.jpg 103,47,127,92,9 172,150,197,208,6 53,85,85,170,7 131,26,158,100,10 169,115,194,168,11 174,238,202,302,8 96,115,119,165,9 135,208,160,258,9 101,2,125,55,5 88,236,116,301,2 302,82,339,168,1 214,252,237,301,3 235,122,256,170,3 241,199,264,251,3
54a90aab8c73562975cc560d51a9d2d1_jpg.rf.f5700e30dc924ed32d1b7e34cff05c04.jpg 203,137,230,214,4 236,109,259,169,2 252,241,280,305,2 303,84,336,166,1 293,9,317,62,5 336,297,369,355,5 296,300,323,351,3 273,119,295,167,3 230,51,249,95,3 242,202,264,247,3 214,252,238,300,3 203,86,223,135,3 261,4,283,63,0 136,193,161,255,0 70,9,94,62,11 53,126,83,208,7 133,109,158,166,8 52,198,83,257,8 66,33,90,92,6 46,245,74,304,6 98,58,129,125,10 103,48,124,90,9 161,15,182,57,9 164,82,183,126,9 98,119,118,163,9 96,160,119,206,9 93,254,117,302,9
06770ce99d4866165c0dfb104179c361_jpg.rf.e7acda724f1beddf07e9cc9ee750f3d5.jpg 177,248,199,303,0
de60ba81aa78387928e4bdc11f3be301_jpg.rf.e7b8966eca79a6758f9f2eedfcf1177c.jpg 211,186,236,256,4
e4209b257f3706992c059c836cc42ec7_jpg.rf.ed76056e3061801af1c2cdf46bea57fc.jpg 169,115,194,170,11 137,210,162,257,9 96,116,120,163,9 53,127,87,213,7 66,28,89,90,6 100,44,124,97,5 133,161,156,207,3 305,88,341,173,1 236,119,256,169,3 213,249,238,302,3
93557fc861304f7753089c244bc1e33e_jpg.rf.ffbb0460f28c29ea6c2f0e5ff165550c.jpg 233,3,255,54,5 334,277,365,335,5 312,113,345,195,1 234,85,263,157,4 267,39,285,81,3 272,72,291,117,3 279,143,301,190,3 248,188,269,233,3 204,103,226,148,3 206,6,225,48,3 235,28,256,84,2 167,135,196,193,2 135,88,165,158,10 74,0,98,47,11 91,281,121,338,11 53,110,86,192,7 49,174,80,231,6 140,53,165,110,8 52,222,85,282,8 171,102,192,146,9 109,2,127,45,9 109,67,129,112,9 97,230,121,281,9 172,281,198,330,9
871597c145446cf58c1c2dd7db988864_jpg.rf.dfe014e3493447cc19e30bb97c00239a.jpg 129,23,157,98,10 69,11,96,65,11 65,32,91,93,6 54,85,85,170,7 82,294,117,362,8 102,45,124,91,9 96,118,118,162,9 95,158,121,204,9 137,210,162,258,9 303,83,339,167,1 226,7,251,61,5 197,64,223,128,0 199,117,225,170,5 131,146,161,212,2 85,234,115,298,2 164,51,184,97,3 213,253,238,301,3 274,119,296,165,3 242,201,265,248,3
6ba74e310dd824af891d057d674cedb9_jpg.rf.f100b00ae7151f33ca508ed17be6e7c6.jpg 304,85,337,166,1 203,141,230,213,4 260,5,282,62,0 294,11,316,59,5 336,298,369,355,5 296,303,321,349,3 251,241,280,304,2 240,113,264,170,2 275,122,295,164,3 231,52,250,94,3 205,88,223,131,3 243,203,263,248,3 215,255,236,300,3 138,167,158,207,3 137,197,161,255,0 104,48,123,92,9 103,58,127,127,10 53,129,83,208,7 52,198,83,255,8 63,36,91,91,6 46,247,73,304,6 134,109,160,163,8 68,9,95,63,11 162,13,181,58,9 164,81,184,126,9 98,119,118,162,9 96,161,119,204,9 89,254,114,301,9 169,210,189,255,9